Epoch,Train_total_loss,Val_total_loss,Train_commit_loss,Val_commit_loss,Train_codes_usage,Val_codes_usage,Train_recon_loss,Val_recon_loss
1,289.5947262422588,23.063693238915963,0.1597882590218277,0.2593265481867533,1.0,1.0,289.434937671472,22.804366698864268
2,18.71881806309145,16.199667203514476,0.3493024740631691,0.45518349251122764,1.0,1.0,18.369515585421006,15.744483705055373
3,11.247560983348674,7.875707748699088,0.5655288503848512,0.6745239629035514,1.0,1.0,10.682032129454889,7.2011837702492345
4,7.226262719981144,6.73508486249253,0.8126099688072769,0.924847588053223,1.0,1.0,6.413652748341545,5.810237271732866
5,6.428153606251653,6.223500471306451,1.0082522028665735,1.072593649627037,1.0,1.0,5.4199014039830145,5.150906822119998
6,6.047596870908768,5.936455542333778,1.1215886766958387,1.080647349609367,1.0,1.0,4.926008196604667,4.8558081963749595
7,5.790116869786473,5.6575913706198415,1.1686108903497174,1.1601190430435737,1.0,1.0,4.62150598126203,4.497472341360235
8,5.516730449897057,5.45504605757523,1.1496245264692317,1.1570497269741207,1.0,1.0,4.367105926039856,4.297996333936955
9,5.298647630932213,5.274512753693078,1.1228378937828503,1.140955177317703,1.0,1.0,4.175809737117892,4.133557580970031
10,5.134690871963783,5.123529136117937,1.096901982125788,1.0997363707206065,1.0,1.0,4.037788891741945,4.023792763823819
11,5.003615583575389,4.94210119509269,1.0764292820013563,1.0303154682156404,1.0,1.0,3.927186302801372,3.911785724925894
12,4.884776222353374,4.960406815993118,1.053599580304172,1.116212033105123,1.0,1.0,3.831176642127878,3.8441947855944365
13,4.779254960850149,4.7571090435906225,1.0308064421227767,1.0121978154403986,1.0,1.0,3.748448520741468,3.744911222800282
14,4.674553714370022,4.66719696363149,1.0107860633161276,0.9816412045182749,1.0,1.0,3.663767647718049,3.6855557606867273
15,4.595791684284634,4.646681777527113,0.9967992255560574,1.0057749230859145,1.0,1.0,3.5989924544643577,3.64090685204946
16,4.515824528782773,4.51943560311258,0.978503094932975,0.95978485851882,1.0,1.0,3.5373214349197863,3.5596507446567007
17,4.456344236290317,4.4498806294317355,0.9687492839575066,0.9351526042475997,1.0,1.0,3.487594950539006,3.5147280247435524
18,4.396113454666158,4.396782010258692,0.9569343847892352,0.9496460646988849,1.0,1.0,3.439179068507967,3.447135945182164
19,4.337784678341847,4.380535276537838,0.9437784470594168,0.9667079021963424,1.0,1.0,3.3940062342248973,3.4138273810131876
20,4.284964775711833,4.330538788466167,0.9344347758177342,0.9441042737573102,1.0,1.0,3.350529996935896,3.3864345094847956
21,4.234595308711687,4.276745407483142,0.9254211692617461,0.9304766899177366,1.0,1.0,3.309174140315373,3.3462687205865493
22,4.179921346770672,4.1858592614956365,0.9132537179505561,0.8932038386369079,1.0,1.0,3.2666676304408337,3.29265542946748
23,4.12545213949844,4.180041845396177,0.8983597934183123,0.9027139501058061,1.0,1.0,3.2270923453248415,3.2773279010808958
24,4.078045835401843,4.065760385650264,0.8856354258254312,0.8640168186477774,1.0,1.0,3.1924104091358285,3.2017435682612967
25,4.031871084552632,4.093550032773768,0.872686113009609,0.8880385995037074,1.0,1.0,3.159184972801833,3.205511436794728
26,3.9885141271094713,4.06940224480352,0.8610133809109298,0.896583306122229,1.0,1.0,3.1275007432718085,3.1728189346530997
27,3.9492356936430606,4.015254243248493,0.8500808998391646,0.8677731907229237,1.0,1.0,3.0991547940399227,3.147481056301999
28,3.920440178675284,3.9469794250214365,0.8430078039230994,0.8125334744594417,1.0,1.0,3.077432375523206,3.134445953520198
29,3.8926650948484194,3.9226826052982933,0.836314041753631,0.8328634278323608,1.0,1.0,3.0563510519775945,3.089819177025349
30,3.8632025599731437,3.9193085264630905,0.8303352942593876,0.8201781083311426,1.0,1.0,3.0328672623936455,3.0991304079355886
31,3.833092182024983,3.9481668079541374,0.8219717943366252,0.8747905911966262,1.0,1.0,3.011120388600995,3.073376215750464
32,3.809019531279708,3.804966270734793,0.8167737696119196,0.768088025238597,1.0,1.0,2.992245759606487,3.036878249713209
33,3.7808943427351736,3.8039110915336085,0.8093695300842666,0.7703952098220052,1.0,1.0,2.9715248110301893,3.033515883348056
34,3.759357703336315,3.878201024207545,0.8053370490906231,0.8616017098159952,1.0,1.0,2.954020652184391,3.0165993187973843
35,3.7333363095080085,3.757400180369521,0.8005811078464091,0.7723910875909558,1.0,1.0,2.9327552005129354,2.985009094226197
36,3.7089678380154507,3.7380155540192392,0.7935734512058206,0.7755605769132233,1.0,1.0,2.91539438548788,2.962454975595444
37,3.6947757074296663,3.8007595400623937,0.7918680413157031,0.8246549841846559,1.0,1.0,2.9029076668377787,2.9761045507795583
38,3.6707716863661406,3.7421222415368183,0.7865612559736468,0.8029920305848247,1.0,1.0,2.8842104317771846,2.939130214602542
39,3.645700813535652,3.6672787026845413,0.7765494394642247,0.733313060990105,1.0,1.0,2.869151374921124,2.933965644463818
40,3.624558206281793,3.727430898763058,0.770768060194527,0.8047140334450582,1.0,1.0,2.8537901479440104,2.9227168653180002
41,3.6050100043935283,3.6292980880394907,0.762388650253179,0.7235768566413565,1.0,1.0,2.8426213529444797,2.9057212316498964
42,3.590416611877389,3.6056703753305213,0.7586960982464435,0.7107797343099004,1.0,1.0,2.8317205145593176,2.8948906404541566
43,3.5648123953007596,3.5928752304004643,0.7530544851183766,0.7351409628625405,1.0,1.0,2.8117579112838413,2.857734265272066
44,3.5516386883059927,3.5912009775953284,0.7488228741014394,0.7255948029828299,1.0,1.0,2.8028158130716245,2.8656061788295113
45,3.534225825963831,3.6150907674586006,0.7437640742930842,0.7487684707329417,1.0,1.0,2.790461751828098,2.866322289046919
46,3.518097535294993,3.6301679749675135,0.7406708072898506,0.7865462594576094,1.0,1.0,2.7774267305542324,2.843621712174058
47,3.505624110809475,3.581187885439509,0.7383402979990749,0.7447784695353402,1.0,1.0,2.767283813817448,2.8364094162188715
48,3.4893241647430306,3.5562246885571587,0.7329488801351948,0.7302436466076054,1.0,1.0,2.756375284104312,2.825981043460125
49,3.478605666973775,3.4993645178101005,0.7308504996386601,0.692857788696712,1.0,1.0,2.74775516609204,2.8065067271622333
50,3.4665867161347976,3.4897497818109984,0.7289596314383661,0.6999335243054906,1.0,1.0,2.7376270845548154,2.7898162632330923
