Epoch,Train_total_loss,Val_total_loss,Train_commit_loss,Val_commit_loss,Train_codes_usage,Val_codes_usage,Train_recon_loss,Val_recon_loss
1,53.55226708024961,7.524937299388012,0.14023250106863733,0.2219663011077339,1.0,1.0,53.41203443817755,7.302970995998685
2,5.316286087224954,4.239845941034013,0.29532593983562844,0.37500410784260146,1.0,1.0,5.02096014572927,3.8648418290058686
3,3.6661542353811334,5.030919297569782,0.42466743051250483,0.4723490216978752,1.0,1.0,3.2414868058599415,4.558570270175792
4,3.021668444465307,4.255773501008465,0.44849272305981785,0.4461148959026921,1.0,1.0,2.5731757213976216,3.809658606679286
5,2.623959086827517,3.5277090080184696,0.4129376379338338,0.36388224272063313,1.0,1.0,2.211021449397207,3.1638267684763313
6,2.369897900973353,3.435252998043894,0.38051791098106497,0.36657422375024434,1.0,1.0,1.9893799894651616,3.0686787700451665
7,2.2020139229398343,2.9145943630081548,0.3574390418221732,0.3471676231752353,1.0,1.0,1.8445748811097935,2.5674267376614726
8,2.088702798770876,3.361286498173489,0.34206892399721184,0.33770006822683746,1.0,1.0,1.746633874010511,3.023586427775205
9,2.0004485536842687,3.340456577137884,0.33090427868784167,0.3228146936724783,1.0,1.0,1.6695442757674481,3.017641884220691
10,1.9184480499566672,2.502090825450458,0.3145243435736191,0.32995153732259525,1.0,1.0,1.603923706564002,2.1721392902678396
11,1.861703763290091,3.1601050076288306,0.30605231937504873,0.2924683433116552,1.0,1.0,1.55565144456805,2.8676366687702153
12,1.8146687482012616,2.474073715673203,0.30115678378527366,0.30087085648851886,1.0,1.0,1.513511964895909,2.173202860821137
13,1.7770454839517096,2.38217980317858,0.29673066825744593,0.2985467374828322,1.0,1.0,1.4803148157178663,2.0836330690001232
14,1.7430784516626578,2.33240673295296,0.2927387438698769,0.2901084348480704,1.0,1.0,1.4503397092836838,2.0422982953040374
15,1.7144218237624123,2.3610439537193355,0.28871114423386396,0.29395137149781586,1.0,1.0,1.425710677219419,2.067092578665382
16,1.6895240007446333,2.3242156093953907,0.28425159723888355,0.294271090419013,1.0,1.0,1.405272403450677,2.0299445133904093
17,1.665148946935549,2.3946946992793583,0.2809330902230526,0.28122772411723573,1.0,1.0,1.3842158562404427,2.1134669751778574
18,1.6432201648652238,2.733184554383017,0.2773136881149621,0.2676918410008661,1.0,1.0,1.3659064771003684,2.4654927158053597
19,1.6230736808200321,1.8221249674794038,0.274400340296808,0.27326716669887274,1.0,1.0,1.348673340542893,1.5488577990496675
20,1.6061112363650656,2.1282834146946765,0.27241893109905807,0.27148183736529247,1.0,1.0,1.333692305364352,1.8568015749376452
21,1.588900842315418,2.021946913589268,0.2697524669114992,0.2660918775493517,1.0,1.0,1.319148374931865,1.7558550356308031
22,1.5737931415548798,1.899551887698511,0.26828243403273627,0.272486291078353,1.0,1.0,1.305510707301852,1.6270655948735593
23,1.5605793062837474,2.3477185930596485,0.2663503657699953,0.2687227985140137,1.0,1.0,1.2942289400220295,2.0789957981804483
24,1.5466281533115391,2.3857707801061547,0.26457273860588876,0.26355133971165956,1.0,1.0,1.2820554142926033,2.1222194397965604
25,1.536352368506358,1.7615668156834314,0.26302894538439564,0.2598054607604348,1.0,1.0,1.2733234236176187,1.5017613550174074
26,1.5243655782440773,2.720057481697268,0.26162030282327087,0.27369760360800854,1.0,1.0,1.262745275951867,2.446359879867328
27,1.5141715931980513,2.371857536380369,0.26041610263988235,0.26611541664776606,1.0,1.0,1.2537554899956382,2.1057421186783496
28,1.5040589216644182,1.636582900881138,0.25932979919291727,0.2646014319679679,1.0,1.0,1.2447291222236727,1.3719814670878958
29,1.4951836859223206,1.6736996663535662,0.2581771629948047,0.2601737543515696,1.0,1.0,1.2370065225184026,1.413525912175083
30,1.4880903489108825,1.6527197420156492,0.25760867349496613,0.26062989900520006,1.0,1.0,1.2304816764347657,1.3920898413582614
31,1.4773668897630294,1.7830447268209084,0.2559795179251884,0.25052639617021133,1.0,1.0,1.2213873711376282,1.5325183291873308
32,1.468844571612075,2.2032478258501516,0.2545224373025275,0.25062907116591865,1.0,1.0,1.2143221341443289,1.9526187551562864
33,1.4616823218440305,1.6682932483860407,0.25369212112006945,0.2509271519646096,1.0,1.0,1.2079902006492191,1.4173660955559992
34,1.4542647700878735,1.8344519938939226,0.2527031526874275,0.2556350704483145,1.0,1.0,1.2015616160826295,1.578816923445608
35,1.4491376625383794,1.7206490696924164,0.25218549960046033,0.2502507607215561,1.0,1.0,1.196952162992992,1.4703983101195242
36,1.4423190504155163,1.9048978433941335,0.2513009379868648,0.24720139216155662,1.0,1.0,1.1910181126253405,1.6576964512797823
37,1.4360401440006627,1.7795547215462737,0.25065183783896117,0.2509729807454908,1.0,1.0,1.1853883054654224,1.5285817402343187
38,1.4298366798204,1.6008378957115987,0.24945153914384127,0.24902917709056024,1.0,1.0,1.180385140173035,1.3518087194235298
39,1.423849533641477,1.7103566155388337,0.24894507638834723,0.2515761752818429,1.0,1.0,1.1749044571154472,1.4587804421452055
40,1.4193754649023824,1.606222801878183,0.24824305329129587,0.2538489271053669,1.0,1.0,1.1711324124332467,1.3523738758113342
41,1.4129218879571812,1.59558399274961,0.24708766546867467,0.2461740213437468,1.0,1.0,1.1658342224176985,1.3494099715946846
42,1.4079631824742653,1.6256692527843504,0.2466823544506664,0.2461219842702056,1.0,1.0,1.1612808280629368,1.379547269064874
43,1.403465660912434,1.9542467459454078,0.2467208335720939,0.24038471663891955,1.0,1.0,1.1567448291695483,1.7138620278903272
44,1.3980033313334304,1.680111405841904,0.24558149051578143,0.24149660756683652,1.0,1.0,1.1524218408019138,1.4386147998328445
45,1.394003612847867,1.68827825627332,0.2451328972380101,0.24554331166376658,1.0,1.0,1.1488707160465066,1.442734942390901
46,1.3894629764676472,1.715540631771591,0.24481920012466632,0.24043327214347776,1.0,1.0,1.144643776283974,1.475107363184251
47,1.3850087826833555,1.5922095931696665,0.24402187658039168,0.24835272342627504,1.0,1.0,1.1409869064058649,1.343856870435737
48,1.3800405115990604,2.0083933346122977,0.2433511643634112,0.24349976364826073,1.0,1.0,1.1366893461223893,1.7648935728365165
49,1.3777510377774143,1.710341072132872,0.243444330962778,0.24458443323876058,1.0,1.0,1.1343067058351248,1.465756641018353
50,1.372755539203269,2.5519423542707496,0.24259890696582598,0.2440635271315338,1.0,1.0,1.1301566331697492,2.307878824070867
