Epoch,Train_total_loss,Val_total_loss,Train_commit_loss,Val_commit_loss,Train_codes_usage,Val_codes_usage,Train_recon_loss,Val_recon_loss
1,72.24535225235799,8.668087433610571,0.1591987220123961,0.27092461006316615,1.0,1.0,72.08615346619547,8.397162827670007
2,6.461589298001564,5.542000026360484,0.41264368408805085,0.5970970812984354,1.0,1.0,6.048945619035296,4.944902943708828
3,5.0183047752949355,4.594676058043144,0.6358030429454137,0.6785567390251562,1.0,1.0,4.382501728683238,3.916119324745573
4,4.3330019772871,4.174576936327039,0.6644502899588853,0.665580918569877,1.0,1.0,3.6685516842441297,3.508996018638329
5,3.9384454652399548,3.9000278249335767,0.627576603997723,0.5982271990214633,1.0,1.0,3.3108688599204816,3.301800627391215
6,3.7017979441247997,3.627447638113874,0.5936270750185756,0.5803886180253819,1.0,1.0,3.108170869106224,3.0470590203717243
7,3.54299534518968,3.480974164406878,0.569791819778327,0.5505950299210634,1.0,1.0,2.9732035276378723,2.930379135681684
8,3.4177758443191917,3.3966868870361555,0.5494719438467257,0.545884164075791,1.0,1.0,2.868303901416573,2.8508027209147984
9,3.3280867530778444,3.274101015632734,0.535710727967078,0.5047475395383906,1.0,1.0,2.7923760258660524,2.769353474583772
10,3.257658531006186,3.2795149071541356,0.5234271811897676,0.5348264361321612,1.0,1.0,2.7342313487778998,2.744688474137529
11,3.1896910075149414,3.22639614828285,0.5122270472544426,0.5256080292912698,1.0,1.0,2.677463961251812,2.7007881215406697
12,3.1366979121658343,3.1607348765339998,0.5022580698997947,0.5016287724785468,1.0,1.0,2.634439842313245,2.6591061055345544
13,3.0856542813236634,3.1373438011882424,0.4923804670871248,0.48749713651607757,1.0,1.0,2.593273814338817,2.649846666088326
14,3.0401364220611145,3.064971992307379,0.48382484381025165,0.4894449496533576,1.0,1.0,2.5563115801705476,2.5755270424966703
15,3.0049362049812753,3.0453544677625612,0.47693930929792216,0.4763181468879031,1.0,1.0,2.527996895431591,2.5690363255322546
16,2.967808775375612,2.9640208388331573,0.46962106059508946,0.4710934005732773,1.0,1.0,2.498187714953609,2.492927437221362
17,2.927965231593836,2.943243761374807,0.4598054861396142,0.45026400071640577,1.0,1.0,2.468159746437667,2.492979762294854
18,2.8999038929672403,2.933913608287179,0.4532216040234631,0.42978645091701334,1.0,1.0,2.4466822883458423,2.504127155891064
19,2.8675005187328666,2.8724253227995216,0.44696119429254483,0.4483449648212103,1.0,1.0,2.42053932489664,2.424080362667378
20,2.8349032468126087,2.8693158075197696,0.44113427454875165,0.4319401388749905,1.0,1.0,2.393768969344992,2.4373756726415006
21,2.8102248723303,3.0357510686046596,0.4372563168894275,0.41164999098813015,1.0,1.0,2.3729685564479204,2.624101078875339
22,2.781584435241905,2.8037466723412874,0.4303820217628162,0.4327634927967156,1.0,1.0,2.351202412354027,2.3709831792928098
23,2.754087447994236,2.830857254761451,0.4227589096838595,0.42588711445787264,1.0,1.0,2.331328537012229,2.4049701427582577
24,2.728176746190916,2.739062305992231,0.41877241193492915,0.409595905129484,1.0,1.0,2.3094043347123057,2.329466398943062
25,2.709242544745694,2.730401395870237,0.4137851364729649,0.402884123443676,1.0,1.0,2.2954574088234585,2.327517272678323
26,2.691419866671658,2.698124214109926,0.410219919797989,0.39042948417703854,1.0,1.0,2.281199946637642,2.3076947329540314
27,2.675265987672171,2.7448182461002433,0.4079653488938257,0.4173860727418942,1.0,1.0,2.267300639950612,2.327432174617159
28,2.662050614135444,2.675860594041496,0.4054284609043863,0.3964611325873241,1.0,1.0,2.2566221537345816,2.2793994605730052
29,2.6491359762430444,2.661645783038678,0.40402743161322574,0.4034382605250559,1.0,1.0,2.2451085454559125,2.2582075239612536
30,2.634121290953887,2.664326507413274,0.4012848891577474,0.40724711301082545,1.0,1.0,2.2328364033067114,2.2570793955983177
31,2.620345954847185,2.6939222759782577,0.39966811475746233,0.3968297996515961,1.0,1.0,2.220677840546041,2.2970924799142693
32,2.60646152124989,2.6340086870485524,0.3958618803600827,0.38552492007282746,1.0,1.0,2.2105996399456997,2.2484837642063433
33,2.59722368052542,2.685813066951828,0.39457173085326,0.38462447166568753,1.0,1.0,2.20265194902702,2.3011885963246588
34,2.582808909565997,2.6835582888239666,0.391739260173209,0.41504428684396755,1.0,1.0,2.191069651115784,2.2685140011303027
35,2.57183610643983,2.572450733486929,0.38942814791435426,0.37162089917450797,1.0,1.0,2.1824079601855315,2.200829835350939
36,2.5585357575129555,2.669366437253378,0.3859849778705187,0.3968346004060606,1.0,1.0,2.172550778171203,2.2725318399628716
37,2.5461295683884946,2.5683577737939145,0.382665937135061,0.36937461968082563,1.0,1.0,2.1634636309859365,2.198983155057196
38,2.5366036208403524,2.57792411736727,0.3803292476388192,0.3810332908109224,1.0,1.0,2.1562743750268076,2.1968908231890314
39,2.5195251936142147,2.5857424085218272,0.3761679950035487,0.3717287654546901,1.0,1.0,2.143357198335301,2.2140136447350605
40,2.513278087158515,2.5835945649031222,0.37466776497669935,0.3692759416737803,1.0,1.0,2.1386103206161713,2.214318618729097
41,2.5054219947634175,2.548620951591097,0.37360493697170977,0.3694388731417208,1.0,1.0,2.1318170582794966,2.179182079047311
42,2.4936836481157303,2.55210061247019,0.36992486825934684,0.37813979676809584,1.0,1.0,2.123758778904408,2.1739608156391537
43,2.488537792356364,2.5952749818783754,0.3706379835793813,0.3678559041577131,1.0,1.0,2.117899807856478,2.2274190790424124
44,2.482011190028478,2.5122110640990067,0.36952628112676406,0.35620255735255346,1.0,1.0,2.1124849093501648,2.1560085011132792
45,2.4772986113521593,2.568730689152493,0.36914106294780247,0.36049474557072964,1.0,1.0,2.1081575475625276,2.208235943707644
46,2.4703412097824664,2.4977762381907125,0.3688562840711101,0.3607316899261857,1.0,1.0,2.1014849259080455,2.137044550373033
47,2.4646367702904572,2.551744742907088,0.36762832835269454,0.36505478321561846,1.0,1.0,2.097008440411456,2.1866899562612128
48,2.452278766328707,2.478572833877934,0.36444348535070703,0.3680075831561809,1.0,1.0,2.0878352804508733,2.1105652526414382
49,2.444003168639059,2.4941301082733944,0.36223485449047754,0.35205015867413536,1.0,1.0,2.0817683152815105,2.1420799483719195
50,2.4347293207297986,2.4615628050901823,0.3600890235985219,0.36834733419458615,1.0,1.0,2.0746402967064284,2.0932154720914653
