Epoch,Train_total_loss,Val_total_loss,Train_commit_loss,Val_commit_loss,Train_codes_usage,Val_codes_usage,Train_recon_loss,Val_recon_loss
1,82.62883985659388,9.029144601308305,0.23387068207793668,0.36734785748509946,1.0,1.0,82.3949693071301,8.661796717860254
2,7.339479135988633,6.299749608528274,0.5365857857711211,0.6216228330210875,1.0,1.0,6.802893345685796,5.678126775223954
3,5.731719683694487,5.284444135244947,0.7292096418778018,0.770069755055207,1.0,1.0,5.002510042855203,4.514374380252681
4,4.9439846256466575,4.632579072098294,0.7124893932810806,0.6383459630334768,1.0,1.0,4.231495233183804,3.9942331157994495
5,4.506647429345402,4.35259947177601,0.6611134209281666,0.6531032597628416,1.0,1.0,3.8455340095658994,3.6994962113208225
6,4.2381755699577655,4.146044196397727,0.6119390831829502,0.5673239969401576,1.0,1.0,3.6262364847607196,3.5787202073251305
7,4.045004987225739,3.9691834268499453,0.5738720276492324,0.4987161988126942,1.0,1.0,3.471132958829088,3.4704672255511015
8,3.907991113859094,3.9450806722973315,0.5469889034061775,0.5354932545356791,1.0,1.0,3.36100220831294,3.409587414740509
9,3.7986013266201883,3.8033529624516005,0.5220169717447937,0.5353945165778163,1.0,1.0,3.276584354222387,3.267958443167343
10,3.6807936504247194,3.704659527936732,0.49284988998926177,0.5253547650015468,1.0,1.0,3.1879437607973657,3.1793047669319066
11,3.5880129799923397,3.5130212717348317,0.46746713347111485,0.44148467237241923,1.0,1.0,3.120545847237173,3.071536598638597
12,3.501116356917646,3.518387016298401,0.44723217500080653,0.4727786884514306,1.0,1.0,3.0538841829002847,3.045608327154625
13,3.4355419838944607,3.357165893002825,0.43364321414495344,0.40188699466625766,1.0,1.0,3.0018987701586206,2.955278902899753
14,3.381932778494411,3.3745609807615673,0.42109704806755566,0.39517406834468416,1.0,1.0,2.960835731268684,2.9793869129833475
15,3.331854431468053,3.3269823866383956,0.41181643675410884,0.44024215073746636,1.0,1.0,2.9200379949814415,2.8867402348624114
16,3.277778011692615,3.2554275133541797,0.3965689614100466,0.3886181093760252,1.0,1.0,2.8812090512817488,2.86680940338022
17,3.2340092099455617,3.200603660333748,0.3861064879969156,0.3818674461705632,1.0,1.0,2.847902721626076,2.8187362148240602
18,3.1955766546940225,3.21778602207349,0.3787780445474254,0.3971152733598365,1.0,1.0,2.8167986106973264,2.820670750224225
19,3.1636110771419883,3.1310725353083866,0.371288317404176,0.37551879042556946,1.0,1.0,2.7923227615945567,2.755553747557788
20,3.131727929037249,3.0735051458211737,0.3650277721545135,0.34928181223028437,1.0,1.0,2.766700155065329,2.7242233342832347
21,3.102881067154148,3.198283701788913,0.36141363267001025,0.3919503592513305,1.0,1.0,2.7414674359239015,2.806333337691165
22,3.0657607305012133,3.1958949122786398,0.35469812208269313,0.3589205294690137,1.0,1.0,2.711062610621437,2.836974378372321
23,3.040489149760797,2.9991041435737165,0.3495833524743758,0.32918751249217687,1.0,1.0,2.690905797286421,2.669916627777164
24,3.022755807719991,3.152240582730979,0.3481126314829622,0.3818896770351414,1.0,1.0,2.6746431774801036,2.770350906136421
25,3.00386611857661,3.0376115338729326,0.34751029901890973,0.33983667341179935,1.0,1.0,2.6563558192980703,2.6977748646781463
26,2.9895838184996166,2.9773972704141167,0.34676864873834246,0.35370096312530946,1.0,1.0,2.6428151683923184,2.6236963055579436
27,2.970340533014839,3.0278428761483247,0.3439999620854036,0.3595416093325791,1.0,1.0,2.626340571370019,2.6683012683892575
28,2.9568435136217,2.9700641329965722,0.3432040164894262,0.329328335168621,1.0,1.0,2.613639498745124,2.6407357996846956
29,2.943868867573038,2.9976720857771295,0.3394755298761531,0.3291936280420237,1.0,1.0,2.6043933378542365,2.668478455437778
30,2.924837882000139,2.876820589194454,0.33349577689970183,0.3109283508317901,1.0,1.0,2.591342104211402,2.565892238677366
31,2.907104199262456,2.9514221762402384,0.3291698607056546,0.3497401365760513,1.0,1.0,2.5779343388085634,2.6016820383424366
32,2.8961968715868127,2.885944877783625,0.3277316778552066,0.34264651984133715,1.0,1.0,2.5684651946757135,2.543298356384511
33,2.881967798205842,2.9076759052377317,0.32478548432164356,0.34301281696010416,1.0,1.0,2.55718231474963,2.564663084910311
34,2.8707731471897557,2.9352772530431857,0.32544132754788857,0.3182379060366841,1.0,1.0,2.5453318205466364,2.6170393485328085
35,2.847459354332659,2.8524565382013853,0.32047080156543817,0.33543489314812414,1.0,1.0,2.526988553711328,2.517021647602351
36,2.825305181168956,2.8716262383848714,0.3157189424211649,0.3342818632611755,1.0,1.0,2.5095862383386778,2.537344376791619
37,2.8125627872936327,2.853254762345408,0.31469933592656346,0.3139860676768715,1.0,1.0,2.4978634506432535,2.539268692166652
38,2.804517405432154,2.8011744906053875,0.31010275108320784,0.3079514059748544,1.0,1.0,2.494414655717902,2.493223087462855
39,2.7743375274611375,2.7889968963711667,0.29801574051222807,0.2932033332058847,1.0,1.0,2.476321785131503,2.4957935602385493
40,2.757872457552107,2.7031392963030774,0.2940211783949022,0.28390425349238557,1.0,1.0,2.463851279731537,2.4192350413001202
41,2.753081249838268,2.7440899083078096,0.2945801140986375,0.27810482521872837,1.0,1.0,2.4585011363218303,2.4659850852919982
42,2.7253404355980653,2.771157644366513,0.2873166217149059,0.30727657711933887,1.0,1.0,2.438023813548788,2.4638810668852664
43,2.7054539540627185,2.702224768706083,0.280251773115574,0.2576269517793323,1.0,1.0,2.4252021821902194,2.444597818909376
44,2.694174650918846,2.800747411681581,0.2757031358149072,0.27227355413917753,1.0,1.0,2.4184715142660433,2.528473857337847
45,2.6909694774853263,2.738130207424305,0.2745596708566611,0.26510744334966607,1.0,1.0,2.416409806943368,2.473022768590619
46,2.6680623176168363,2.683479214419533,0.26854346689415076,0.2739108394292491,1.0,1.0,2.399518849007557,2.4095683767526177
47,2.658984469007917,2.600245456635134,0.26558374745698515,0.26565339256553994,1.0,1.0,2.393400721873502,2.334592068333812
48,2.64603840146674,2.6030487430133435,0.26083836527079063,0.25771025386506174,1.0,1.0,2.3852000357671677,2.3453384889594604
49,2.6413062974543102,2.6155266160068695,0.26135044569718047,0.2513798494619704,1.0,1.0,2.3799558517295933,2.3641467662144615
50,2.6338522544380476,2.6753701295117516,0.25947474569491374,0.27580050707115167,1.0,1.0,2.3743775108359055,2.3995696208041473
